02 10 00 00 00 02 04 01 01 12 34 A1 A0
02 03 00 77 00 04 F4 20
0F 10 00 00 00 01 02 FE FE 2B D0 

02 10 00 00 00 02 04 01 01 12 34 A1 A0 
02 03 00 77 00 04 F4 20 
0F 10 00 00 00 01 02 FE FE 2B D0

____
0E 10 00 00 00 02 04 00 01 12 34 9F 0C
0E 10 00 00 00 02 41 37

0E 03 00 77 00 04 F4 EC
0E 03 08 01 D1 01 CE 12 34 12 34 84 C2
0F 10 00 00 00 01 02 34 12 7C FD

0E 10 00 00 00 02 04 01 01 12 34 9E F0 

0E 03 00 77 00 04 F4 EC 
0E 03 08 01 D1 01 CE 12 34 12 34 84 C2 
0F 10 00 00 00 01 02 34 12 7C FD

_____
0E 03 00 77 00 04 F4 EC 
0E 03 08 01 CD 01 CA 0F 02 0F 03 06 27 
0F 10 00 00 00 01 02 02 0F AB 54 

0E 10 00 00 00 02 04 01 01 56 78 AC 05 
0E 03 00 77 00 04 F4 EC 
0E 03 08 01 CD 01 CA 0F 02 0F 03 06 27 
0F 10 00 00 00 01 02 02 0F AB 54


____
0E 03 00 77 00 04 F4 EC 
0E 03 08 01 C3 01 C0 0F 02 0F 03 71 E6 
0F 10 00 00 00 01 02 02 0F AB 54

0E 10 00 00 00 02 04 01 01 01 23 D3 CE 
0E 03 00 77 00 04 F4 EC 
0E 03 08 01 C3 01 C0 0F 02 0F 03 71 E6 

0F 10 00 00 00 02 04 03 0F FE FE 36 E0

____
0E 03 00 77 00 04 F4 EC 
0E 03 08 01 C0 01 BD 0F 02 0F 03 2E EC 
0F 10 00 00 00 01 02 02 0F AB 54 

0E 10 00 00 00 02 04 00 01 01 23 D2 32 0E 10 00 00 00 02 41 37 0E 10 00 00 00 02 
04 01 01 06 78 90 05 0E 10 00 00 00 02 41 37 0E 03 00 77 00 04 F4 EC 0E 03 08 01 C0 01 BD 01 23 06 78 3A 7D 0F 10 00 00 00 01 02 78 06 48 32

MPP_ON_OFF
____
0E 10 00 00 00 02 04 00 02 00 01 A3 BB 
0E 10 00 00 00 02 41 37 
0E 10 00 00 00 02 04 01 02 00 01 A2 47
0E 10 00 00 00 02 41 37 

MPP_OFFSET
____
01 10 00 08 00 7B 01 E8 
0E 10 00 00 00 02 04 00 01 00 7B D2 58 
0E 10 00 00 00 02 41 37 

